1670084600291.2,0,0,-0.1812888
1670084600320.13,0,0,-0.288414
1670084600341.6,0,0,-0.329616
1670084600353.57,0,0,-0.3735647
1670084600368.52,0,0,-0.3735647
1670084600382.49,0,0,-0.4202603
1670084600394.45,0,0,-0.4697027
1670084600418.39,0,0,-0.5218919
1670084600431.36,0,0,-0.5768279
1670084600451.31,0,0,-0.6345107
1670084600462.28,0,0,-0.6345107
1670084600484.22,0,0,-0.6949403
1670084600502.17,0,0,-0.7581167
1670084600516.13,0,0,-0.8240399
1670084600535.08,0,0,-0.8927099
1670084600545.56,0,0,-0.8927099
1670084600567.51,0,0,-0.9641268
1670084600585.46,0,0,-1.03829
1670084600597.43,0,0,-1.115201
1670084600609.19,0,0,-1.115201
1670084600633.12,0,0,-1.277262
1670084600647.09,0,0,-1.277262
1670084600669.02,0,0,-1.362413
1670084600683.98,0,0,-1.45031
1670084600694.96,0,0,-1.540955
1670084600716.9,0,0,-1.540955
1670084600731.86,0,0,-1.540955
1670084600750.81,0,0,-1.540955
1670084600762.77,0,0,-1.540955
1670084600784.72,0,0,-1.540955
1670084600797.68,0,0,-1.540955
1670084600815.64,0,0,-1.540955
1670084600827.6,0,0,-1.540955
1670084600852.53,0,0,-1.540955
1670084600864.5,0,0,-1.540955
1670084600877.47,0,0,-1.540955
1670084600900.41,0,0,-1.540955
1670084600915.37,0,0,-1.540955
1670084600958.25,0,0,-1.540955
1670084600966.23,0,0,-1.540955
1670084600984.18,0,0,-1.540955
1670084600994.15,0,0,-1.540955
1670084601016.1,0,0,-1.540955
1670084601027.07,0,0,-1.540955
1670084601053,0,0,-1.540955
1670084601063.97,0,0,-1.540955
1670084601092.89,0,0,-1.540955
1670084601105.85,0,0,-1.540955
1670084601117.82,0,0.072,-1.540955
1670084601128.79,0,0.072,-1.540955
1670084601149.74,0,0.144,-1.540955
1670084601167.69,0,0.216,-1.540955
1670084601178.66,0,0.288,-1.540955
1670084601199.61,0,0.36,-1.540955
1670084601212.57,0,0.432,-1.540955
1670084601235.51,0,0.5039999,-1.540955
1670084601246.48,0,0.5039999,-1.540955
1670084601269.42,0,0.576,-1.540955
1670084601278.39,0,0.6382235,-1.540962
1670084601301.33,0,0.6385704,-1.540962
1670084601317.29,0,0.6384642,-1.540955
1670084601330.21,0,0.6384642,-1.540955
1670084601352.66,0,0.6384037,-1.540933
1670084601365.63,0,0.6384037,-1.540933
1670084601384.57,0,0.6384135,-1.54092
1670084601396.19,0,0.6384639,-1.54018
1670084601418.14,0,0.6386203,-1.537858
1670084601436.6,0,0.6390015,-1.533055
1670084601450.56,0,0.6397875,-1.524842
1670084601466.52,0,0.6397875,-1.524842
1670084601478.49,0,0.641229,-1.51227
1670084601499.43,0,0.6436619,-1.494382
1670084601511.4,0,0.6475296,-1.470227
1670084601533.58,0,0.6533493,-1.438871
1670084601546.55,0,0.6533493,-1.438871
1670084601566.5,0,0.661869,-1.399448
1670084601584.44,0,0.6740813,-1.35123
1670084601598.62,0,0.6912664,-1.293737
1670084601609.58,0,0.6912664,-1.293737
1670084601634.4,0,0.7614483,-1.155215
1670084601651.35,0,0.8014937,-1.074862
1670084601661.32,0,0.8014937,-1.074862
1670084601684.26,0,0.8537647,-0.9899532
1670084601697.23,0,0.9173276,-0.9041606
1670084601717.17,0,0.9893277,-0.8211147
1670084601728.14,0,0.9893277,-0.8211147
1670084601751.08,0,1.133328,-0.6632633
1670084601765.05,0,1.133328,-0.6632633
1670084601809.44,0,1.205328,-0.5884578
1670084601817.42,0,1.349328,-0.4470873
1670084601831.59,0,1.421328,-0.3805222
1670084601852.05,0,1.493328,-0.3167039
1670084601863.02,0,1.493328,-0.3167039
1670084601884.96,0,1.565328,-0.2556325
1670084601898.92,0,1.637328,-0.1973078
1670084601916.88,0,1.709328,-0.1417299
1670084601927.85,0,1.709328,-0.1417299
1670084601949.79,0,1.781328,-0.08889885
1670084601961.76,0,1.853328,-0.03881459
1670084601982.7,0,1.925328,0.008522876
1670084601992.67,0,1.997328,0.05311354
1670084602016.61,0,2.069328,0.0949574
1670084602027.58,0,2.069328,0.0949574
1670084602049.52,0,2.141328,0.1340545
1670084602061.49,0,2.213328,0.1704047
1670084602084.43,0,2.285328,0.2040082
1670084602096.4,0,2.297221,0.2379355
1670084602114.35,0,2.30346,0.2795028
1670084602132.3,0,2.321581,0.3356978
1670084602145.27,0,2.321581,0.3356978
1670084602167.21,0,2.387383,0.3960049
1670084602185.68,0,2.458086,0.4546643
1670084602200.15,0,2.458086,0.5105768
1670084602218.1,0,2.458086,0.5637426
1670084602231.07,0,2.458086,0.6141616
1670084602250.02,0,2.458086,0.6141616
1670084602267.97,0,2.458086,0.6618337
1670084602280.94,0,2.458086,0.706759
1670084602300.4,0,2.458086,0.7489376
1670084602314.36,0,2.458086,0.7883694
1670084602334.3,0,2.458086,0.8250543
1670084602346.27,0,2.458086,0.8250543
1670084602369.21,0,2.458086,0.8589925
1670084602383.17,0,2.458086,0.8901838
1670084602401.13,0,2.458086,0.9186284
1670084602412.09,0,2.458086,0.9443262
1670084602435.03,0,2.458086,0.9672771
1670084602452.98,0,2.458086,0.9874813
1670084602464.95,0,2.458086,0.9874813
1670084602483.91,0,2.458086,1.004939
1670084602499.86,0,2.458086,1.019649
1670084602510.83,0,2.458086,1.031613
1670084602535.76,0,2.458086,1.04083
1670084602550.73,0,2.458086,1.04083
1670084602562.69,0,2.458086,1.0473
1670084602586.77,0,2.458086,1.051023
1670084602600.7,0,2.458086,1.052
1670084602617.65,0,2.458086,1.05023
1670084602660.54,0,2.458086,1.05023
1670084602669.51,0,2.458086,1.038449
1670084602691.45,0,2.458086,1.015681
1670084602705.42,0,2.458086,1.015681
1670084602727.36,0,2.458086,1.000177
1670084602741.32,0,2.458086,0.9819255
1670084602753.29,0,2.458086,0.9609277
1670084602774.23,0,2.458086,0.937183
1670084602787.2,0,2.458086,0.937183
1670084602810.14,0,2.458086,0.9106916
1670084602826.46,0,2.458086,0.8814533
1670084602839.42,0,2.458086,0.8494683
1670084602857.38,0,2.458086,0.8147365
1670084602870.34,0,2.458086,0.7772579
1670084602890.29,0,2.458086,0.7370324
1670084602909.94,0,2.458086,0.7370324
1670084602925.91,0,2.458086,0.6940602
1670084602937.87,0,2.458086,0.6483412
1670084602959.82,0,2.458086,0.5998753
1670084602972.78,0,2.458086,0.5486627
1670084602990.73,0,2.458086,0.4947033
1670084603003.7,0,2.458086,0.4947033
1670084603025.64,0,2.458086,0.437997
1670084603039.6,0,2.438105,0.4302806
1670084603052.57,0,2.433992,0.428282
1670084603075.5,0,2.432076,0.4273081
1670084603090.46,0,2.430555,0.426519
1670084603109.41,0,2.430555,0.426519
1670084603123.38,0,2.429096,0.4257498
1670084603142.33,0,2.427633,0.4249661
1670084603155.29,0,2.426151,0.42416
1670084603168.26,0,2.426151,0.42416
1670084603191.19,0,2.42312,0.422472
1670084603205.16,0,2.42312,0.422472
1670084603223.75,0,2.421569,0.4215874
1670084603236.72,0,2.419993,0.4206743
1670084603259.66,0,2.418392,0.4197313
1670084603273.62,0,2.469756,0.4504955
1670084603285.59,0,2.469756,0.4504955
1670084603309.52,0,2.541756,0.478513
1670084603323.48,0,2.613756,0.5037836
1670084603337.45,0,2.685756,0.5263075
1670084603359.39,0,2.757756,0.5460845
1670084603373.35,0,2.829756,0.5631148
1670084603391.3,0,2.901757,0.5773983
1670084603405.27,0,2.901757,0.5773983
1670084603418.23,0,2.973757,0.588935
1670084603441.71,0,3.045757,0.5977248
1670084603455.67,0,3.117757,0.6037679
1670084603474.62,0,3.189757,0.6070641
1670084603513.52,0,3.189757,0.6070641
1670084603522.49,0,3.333757,0.6054162
1670084603542.44,0,3.405757,0.6004721
1670084603556.4,0,3.405757,0.5927811
1670084603570.37,0,3.405757,0.5823434
1670084603591.6,0,3.405757,0.5691589
1670084603604.56,0,3.405757,0.5691589
1670084603626.5,0,3.405757,0.5532275
1670084603641.46,0,3.405757,0.5345494
1670084603652.43,0,3.405757,0.5131243
1670084603674.37,0,3.405757,0.4889526
1670084603691.32,0,3.405757,0.4620341
1670084603705.29,0,3.405757,0.4620341
1670084603728.23,0,3.333757,0.4548438
1670084603743.19,0,3.261757,0.454875
1670084603756.15,0,3.261757,0.4549
1670084603774.1,0,3.189757,0.45492
1670084603790.06,0,3.189757,0.45492
1670084603812.31,0,3.045757,0.4549488
1670084603829.26,0,3.045757,0.4549488
1670084603842.31,0,2.973757,0.592202
1670084603854.28,0,2.901757,0.7267084
1670084603878.22,0,2.829756,0.858468
1670084603892.18,0,2.757756,0.9874808
1670084603904.61,0,2.757756,0.9874808
1670084603928.55,0,2.685756,1.113747
1670084603940.51,0,2.613756,1.237266
1670084603958.47,0,2.541756,1.358038
1670084603977.42,0,2.469756,1.476064
1670084603992.38,0,2.397756,1.591343
1670084604008.33,0,2.397756,1.591343
1670084604022.29,0,2.325756,1.703875
1670084604043.24,0,2.253756,1.81366
1670084604058.23,0,2.181756,1.920698
1670084604074.33,0,2.109756,2.02499
1670084604090.8,0,2.037756,2.126535
1670084604108.8,0,2.037756,2.126535
1670084604124.83,0,1.965756,2.225333
1670084604141.78,0,1.893756,2.321384
1670084604158.8,0,1.821756,2.414688
1670084604176.84,0,1.749756,2.505246
1670084604192.3,0,1.749756,2.593057
1670084604207.9,0,1.749756,2.593057
1670084604226.19,0,1.749756,2.678121
1670084604242.12,0,1.749756,2.760438
1670084604259.07,0,1.749756,2.840008
1670084604281.98,0,1.749756,2.916831
1670084604304.44,0,1.749756,2.990908
1670084604322.39,0,1.749756,3.062238
1670084604346.53,0,1.749756,3.130821
1670084604416.87,0,1.749756,3.196658
1670084604426.81,0,1.749756,3.377686
1670084604440.77,0,1.749756,3.432535
1670084604458.73,0,1.749756,3.484638
1670084604476.11,0,1.749756,3.533993
1670084604492.29,0,1.749756,3.580602
1670084604509.18,0,1.749756,3.580602
1670084604525.13,0,1.749756,3.624464
1670084604542.09,0,1.749756,3.665579
1670084604554.06,0,1.749756,3.703947
1670084604575,0,1.749756,3.739569
1670084604585.97,0,1.749756,3.739569
1670084604610.77,0,1.749756,3.802572
1670084604620.74,0,1.749756,3.802572
1670084604638.69,0,1.749756,3.829953
1670084604656.48,0,1.749756,3.854587
1670084604673.44,0,1.749756,3.876475
1670084604690.39,0,1.749756,3.895616
1670084604707.34,0,1.749756,3.895616
1670084604725.3,0,1.749756,3.912009
1670084604736.27,0,1.749756,3.925657
1670084604758.43,0,1.749756,3.936557
1670084604775.75,0,1.749756,3.94471
1670084604791.51,0,1.749756,3.950117
1670084604814.57,0,1.749756,3.952777
1670084604841.42,0,1.749756,3.95269
1670084604860.37,0,1.749756,3.949857
1670084604877.33,0,1.749756,3.944276
1670084604887.3,0,1.749756,3.944276
1670084604907.25,0,1.749756,3.935949
1670084604925.2,0,1.749756,3.924875
1670084604936.17,0,1.749756,3.911054
1670084604958.11,0,1.749756,3.894486
1670084604970.08,0,1.749756,3.875172
1670084604989.03,0,1.749756,3.875172
1670084605006.8,0,1.749756,3.853111
1670084605022.76,0,1.749756,3.828303
1670084605033.73,0,1.749756,3.800748
1670084605055.67,0,1.749756,3.770446
1670084605070.63,0,1.749756,3.737398
1670084605087.59,0,1.749756,3.737398
1670084605106.23,0,1.749756,3.701603
1670084605122.19,0,1.749756,3.663061
1670084605138.14,0,1.749756,3.621772
1670084605157.09,0,1.749756,3.577736
1670084605170.05,0,1.749756,3.577736
1670084605189.58,0,1.749756,3.530954
1670084605204.52,0,1.749756,3.481424
1670084605224.46,0,1.677756,3.429148
1670084605240.42,0,1.605756,3.374125
1670084605282.34,0,1.533756,3.316356
1670084605291.28,0,1.389756,3.192576
1670084605304.26,0,1.389756,3.192576
1670084605323.2,0,1.317756,3.126566
1670084605334.17,0,1.245756,3.057809
1670084605354.64,0,1.173756,2.986306
1670084605370.6,0,1.101756,2.912055
1670084605389.55,0,1.101756,2.912055
1670084605405.5,0,1.029756,2.835058
1670084605421.46,0,0.9577558,2.755314
1670084605437.42,0,0.8857558,2.672823
1670084605455.37,0,0.8137558,2.587585
1670084605471.42,0,0.7417557,2.499601
1670084605487.29,0,0.7417557,2.499601
1670084605507.24,0,0.6697557,2.40887
1670084605520.2,0,0.6697557,2.315392
1670084605539.15,0,0.6697557,2.219167
1670084605556,0,0.6697557,2.120195
1670084605570.93,0,0.7417557,2.018477
1670084605592.95,0,0.8137558,1.914011
1670084605605.89,0,0.8137558,1.914011
1670084605618.86,0,0.8857558,1.806799
1670084605640.79,0,0.9577558,1.696841
1670084605652.79,0,1.029756,1.584135
1670084605675.73,0,1.101756,1.468682
1670084605692.29,0,1.173756,1.350483
1670084605709.24,0,1.173756,1.350483
1670084605720.21,0,1.245756,1.229537
1670084605742.16,0,1.317756,1.105844
1670084605759.11,0,1.389756,0.9794045
1670084605772.08,0,1.461756,0.850218
1670084605791.8,0,1.533756,0.7182847
1670084605808.87,0,1.533756,0.7182847
1670084605822.84,0,1.605756,0.5836046
1670084605843.47,0,1.677756,0.4461778
1670084605854.44,0,1.749756,0.3060041
1670084605874.4,0,1.821756,0.1630836
1670084605894.81,0,1.893756,0.01741631
1670084605905.78,0,1.893756,0.01741631
1670084605928.8,0,1.965756,-0.1309978
1670084605939.78,0,2.037756,-0.2821587
1670084605958.72,0,2.134298,-0.4108671
1670084605973.68,0,2.231832,-0.506339
1670084605987.64,0,2.231832,-0.506339
1670084606008.59,0,2.281711,-0.5554116
1670084606020.56,0,2.293253,-0.6030625
1670084606043.28,0,2.293253,-0.6343849
1670084606053.22,0,2.293253,-0.6670073
1670084606075.25,0,2.293253,-0.7023764
1670084606092.06,0,2.293253,-0.7404923
1670084606131.92,0,2.293253,-0.7404923
1670084606139.93,0,2.293253,-0.8249646
1670084606154.86,0,2.293253,-0.871321
1670084606170.82,0,2.293253,-0.9204241
1670084606187.77,0,2.293253,-0.9204241
1670084606203.73,0,2.293253,-0.972274
1670084606220.69,0,2.293253,-1.026871
1670084606239.63,0,2.293253,-1.084214
1670084606251.6,0,2.293253,-1.144305
1670084606273.59,0,2.293253,-1.207142
1670084606285.61,0,2.293253,-1.207142
1670084606302.57,0,2.365253,-1.272726
1670084606322.52,0,2.432923,-1.345105
1670084606336.48,0,2.432923,-1.420231
1670084606353.43,0,2.432923,-1.498104
1670084606369.39,0,2.432923,-1.498104
1670084606387.37,0,2.432923,-1.545625
1670084606403.3,0,2.432923,-1.5455
1670084606416.26,0,2.432923,-1.5454
1670084606439.2,0,2.432923,-1.54532
1670084606457.16,0,2.432923,-1.545256
1670084606467.13,0,2.432923,-1.545256
1670084606487.28,0,2.432923,-1.545205
1670084606506.32,0,2.432923,-1.545164
1670084606517.3,0,2.432923,-1.545131
1670084606539.68,0,2.432923,-1.545105
1670084606566.6,0,2.432923,-1.545084
1670084606589.52,0,2.504923,-1.545067
1670084606611.54,0,2.646269,-1.52329
1670084606627.45,0,2.646269,-1.52329
1670084606643.4,0,2.718269,-1.516522
1670084606657.37,0,2.790269,-1.512501
1670084606679.31,0,2.862269,-1.511226
1670084606694.27,0,2.934269,-1.512698
1670084606705.24,0,2.934269,-1.512698
1670084606726.43,0,3.006269,-1.516917
1670084606739.4,0,3.078269,-1.523883
1670084606760.34,0,3.150269,-1.533595
1670084606773.3,0,3.222269,-1.546055
1670084606794.25,0,3.222269,-1.545844
1670084606806.22,0,3.222269,-1.545844
1670084606827.16,0,3.294269,-1.545675
1670084606842.24,0,3.366269,-1.54554
1670084606857.2,0,3.438269,-1.545432
1670084606878.15,0,3.510269,-1.545346
1670084606890.85,0,3.58014,-1.534444
1670084606909.8,0,3.58014,-1.534444
1670084606921.29,0,3.65214,-1.52629
1670084606942.26,0,3.72414,-1.520882
1670084606962.21,0,3.79614,-1.518222
1670084606999.17,0,3.86814,-1.518308
1670084607005.13,0,3.94014,-1.52114
1670084607024.49,0,4.01214,-1.52672
1670084607041.44,0,4.08414,-1.535046
1670084607053.41,0,4.08414,-1.54612
1670084607075.59,0,4.15614,-1.545896
1670084607086.56,0,4.15614,-1.545896
1670084607108.5,0,4.22814,-1.545717
1670084607119.47,0,4.30014,-1.545573
1670084607143.44,0,4.298289,-1.545459
1670084607156.37,0,4.297105,-1.545367
1670084607175.72,0,4.296347,-1.545294
1670084607186.7,0,4.296347,-1.545294
1670084607208.64,0,4.295862,-1.545235
1670084607218.61,0,4.295552,-1.545188
1670084607242.7,0,4.295353,-1.54515
1670084607252.67,0,4.295226,-1.54512
1670084607275.84,0,4.295145,-1.545096
1670084607291.77,0,4.295093,-1.545077
1670084607302.74,0,4.295093,-1.545077
1670084607325.68,0,4.295059,-1.545062
1670084607338.65,0,4.295038,-1.407808
1670084607357.35,0,4.295024,-1.273302
1670084607373.31,0,4.295015,-1.141542
1670084607389.91,0,4.295015,-1.141542
1670084607409.97,0,4.29501,-1.01253
1670084607419.92,0,4.288821,-0.8865677
1670084607443.3,0,4.288821,-0.7633527
1670084607454.27,0,4.288821,-0.6428844
1670084607476.89,0,4.288821,-0.525163
1670084607489.86,0,4.288821,-0.525163
1670084607506.85,0,4.288821,-0.4101883
1670084607527.31,0,4.288821,-0.2979605
1670084607537.46,0,4.288821,-0.1884795
1670084607557.41,0,4.288821,-0.08174521
1670084607573.4,0,4.288821,0.02224223
1670084607594.35,0,4.288821,0.1234829
1670084607605.32,0,4.288821,0.1234829
1670084607622.28,0,4.288821,0.2219767
1670084607639.65,0,4.288821,0.3177238
1670084607657.59,0,4.288821,0.410724
1670084607668.56,0,4.288821,0.410724
1670084607690.07,0,4.288821,0.5009774
1670084607706.97,0,4.288821,0.588484
1670084607723.92,0,4.288821,0.6732439
1670084607746.86,0,4.288821,0.7552569
1670084607772.84,0,4.288821,0.8345231
1670084607789.8,0,4.288821,0.9110426
1670084607809.69,0,4.288821,0.9848152
1670084607837.63,0,4.288821,1.12412
1670084607893.69,0,4.216821,1.189652
1670084607904.66,0,4.072821,1.312476
1670084607919.74,0,4.000821,1.369768
1670084607929.71,0,4.000821,1.369768
1670084607950.68,0,3.928821,1.424313
1670084607963.62,0,3.856821,1.476111
1670084607982.57,0,3.784821,1.525163
1670084608000.52,0,3.712821,1.571467
1670084608011.49,0,3.640821,1.615025
1670084608031.44,0,3.56882,1.655836
1670084608046.4,0,3.56882,1.655836
1670084608064.13,0,3.49682,1.6939
1670084608082.1,0,3.42482,1.729218
1670084608106.78,0,3.35282,1.761788
1670084608130.72,0,3.28082,1.791612
1670084608154.66,0,3.28082,1.843019
1670084608172.66,0,3.28082,1.864603
1670084608195.44,0,3.28082,1.88344
1670084608217.43,0,3.35282,1.899529
1670084608238.33,0,3.42482,1.912872
1670084608261.26,0,3.49682,1.923469
1670084608289.18,0,3.56882,1.931318
1670084608314.13,0,3.712821,1.938776
1670084608344.03,0,3.712821,1.938385
1670084608363.98,0,3.712821,1.935248
1670084608387.92,0,3.712821,1.929363
1670084608400.88,0,3.712821,1.920732
1670084608410.85,0,3.712821,1.909353
1670084608432.61,0,3.712821,1.895229
1670084608448.88,0,3.712821,1.895229
1670084608466.4,0,3.712821,1.878357
1670084608483.26,0,3.712821,1.858738
1670084608499.22,0,3.712821,1.836373
1670084608516.17,0,3.712821,1.811261
1670084608531.95,0,3.712821,1.783402
1670084608549.95,0,3.712821,1.783402
1670084608562.91,0,3.640821,1.752796
1670084608583.86,0,3.56882,1.719443
1670084608592.83,0,3.49682,1.683344
1670084608615.66,0,3.42482,1.644498
1670084608632.63,0,3.35282,1.602905
1670084608650.63,0,3.35282,1.602905
1670084608662.6,0,3.35282,1.558565
1670084608681.57,0,3.35282,1.511478
1670084608700.5,0,3.35282,1.461645
1670084608709.47,0,3.35282,1.461645
1670084608739.29,0,3.35282,1.353738
1670084608766.22,0,3.35282,1.295664
1670084608778.18,0,3.35282,1.234843
1670084608789.15,0,3.35282,1.234843
1670084608835.98,0,3.35282,1.104962
1670084608841.96,0,3.35282,1.035901
1670084608855.5,0,3.35282,0.9640931
1670084608875.11,0,3.35282,0.8895386
1670084608886.08,0,3.35282,0.8895386
1670084608905.78,0,3.35282,0.8122372
1670084608923.55,0,3.35282,0.732189
1670084608935.54,0,3.35282,0.649394
1670084608958.45,0,3.35282,0.5638523
1670084608968.42,0,3.35282,0.5638523
1670084608997.57,0,3.35282,0.4548438
1670084609020.49,0,3.35282,0.454875
1670084609040.44,0,3.35282,0.4549
1670084609062.38,0,3.35282,0.45492
1670084609076.35,0,3.35282,0.454936
1670084609093.3,0,3.35282,0.4549488
1670084609107.26,0,3.35282,0.4549488
1670084609119.96,0,3.35282,0.4549591
1670084609135.89,0,3.35282,0.4549673
1670084609158.83,0,3.35282,0.4549738
1670084609172.79,0,3.35282,0.4549791
1670084609185.76,0,3.35282,0.4549791
1670084609207.7,0,3.35282,0.4549833
1670084609224.84,0,3.35282,0.4549866
1670084609239.84,0,3.35282,0.4549893
1670084609252.81,0,3.35282,0.4549914
1670084609275.75,0,3.35282,0.4549932
1670084609290.71,0,3.35282,0.4549945
1670084609306.66,0,3.35282,0.4549945
1670084609323.62,0,3.35282,0.4549956
1670084609337.58,0,3.35282,0.4549965
1670084609356.53,0,3.35282,0.4549972
1670084609383.46,0,3.35282,0.4549978
1670084609398.42,0,3.28082,0.4549982
1670084609412.39,0,3.20882,0.4549986
1670084609426.34,0,3.20882,0.4549986
1670084609443.3,0,3.13682,0.4549989
1670084609467.24,0,3.06482,0.4549991
1670084609479.21,0,2.99282,0.4549993
1670084609496.16,0,2.92082,0.4549994
1670084609517.11,0,2.84882,0.4549996
1670084609533.07,0,2.77682,0.4549997
1670084609542.04,0,2.77682,0.4549997
1670084609565.96,0,2.70482,0.4549997
1670084609582.23,0,2.63282,0.4549998
1670084609598.66,0,2.56082,0.4549998
1670084609614.82,0,2.48882,0.4549999
1670084609633.84,0,2.41682,0.4522531
1670084609660.76,0,2.34482,0.5895063
1670084609681.71,0,2.27282,0.7240127
1670084609758.56,0,2.20082,0.8557723
1670084609776.52,0,1.91282,1.355343
1670084609794.46,0,1.84082,1.473368
1670084609819.39,0,1.76882,1.588647
1670084609863.29,0,1.69682,1.701179
1670084609888.27,0,1.55282,1.918003
1670084609917.15,0,1.40882,2.123839
1670084609932.11,0,1.33682,2.222637
1670084609952.06,0,1.26482,2.318688
1670084609970.01,0,1.26482,2.318688
1670084609987.96,0,1.19282,2.411993
1670084610002.91,0,1.12082,2.50255
1670084610018.86,0,1.04882,2.590361
1670084610038.86,0,0.9768195,2.675425
1670084610055.76,0,0.9048195,2.757742
1670084610073.75,0,0.8328195,2.837312
1670084610089.81,0,0.8328195,2.837312
1670084610106.74,0,0.7608194,2.914136
1670084610122.69,0,0.6888194,2.988212
1670084610138.7,0,0.6168194,3.059542
1670084610155.66,0,0.5448194,3.128126
1670084610171.56,0,0.4728194,3.193962
1670084610187.56,0,0.4728194,3.193962
1670084610203.5,0,0.4008194,3.257052
1670084610219.47,0,0.3288194,3.317394
1670084610241.92,0,0.2568194,3.37499
1670084610255.84,0,0.1848194,3.42984
1670084610275.79,0,0.1128194,3.481942
1670084610287.75,0,0.1128194,3.481942
1670084610307.71,0,0.04081938,3.531297
1670084610323.67,0,-0.03118062,3.577906
1670084610337.16,0,-0.1031806,3.621768
1670084610359.1,0,-0.1751806,3.662883
1670084610375.05,0,-0.2471806,3.701252
1670084610387.02,0,-0.2471806,3.701252
1670084610406.97,0,-0.3191806,3.736873
1670084610420.93,0,-0.3911806,3.769748
1670084610443.9,0,-0.4631806,3.799876
1670084610457.86,0,-0.5351806,3.827257
1670084610469.83,0,-0.5351806,3.827257
1670084610493.83,0,-0.6791806,3.873779
1670084610507.79,0,-0.6791806,3.873779
1670084610527.74,0,-0.7511806,3.89292
1670084610542.22,0,-0.8231807,3.909314
1670084610554.23,0,-0.8951807,3.922961
1670084610575.13,0,-0.9671807,3.933861
1670084610588.1,0,-0.9671807,3.933861
1670084610606.95,0,-1.039181,3.942014
1670084610620.91,0,-1.111181,3.947421
1670084610642.46,0,-1.183181,3.950081
1670084610698.32,0,-1.255181,3.949995
1670084610712.27,0,-1.471181,3.933253
1670084610725.24,0,-1.471181,3.933253
1670084610745.19,0,-1.543181,3.922179
1670084610758.15,0,-1.615181,3.908358
1670084610781.09,0,-1.687181,3.891791
1670084610794.9,0,-1.759181,3.872476
1670084610811.86,0,-1.831181,3.850415
1670084610825.82,0,-1.831181,3.850415
1670084610844.55,0,-1.903181,3.825607
1670084610861.51,0,-1.975181,3.798052
1670084610878.46,0,-2.047181,3.767751
1670084610896.42,0,-2.119181,3.734702
1670084610912.34,0,-2.191181,3.698907
1670084610929.27,0,-2.191181,3.698907
1670084610947.22,0,-2.263181,3.660365
1670084610962.18,0,-2.335181,3.619076
1670084610979.7,0,-2.407181,3.57504
1670084610996.17,0,-2.479181,3.528258
1670084611013.27,0,-2.551181,3.478729
1670084611029.22,0,-2.551181,3.478729
1670084611046.18,0,-2.623181,3.426452
1670084611057.15,0,-2.695181,3.371429
1670084611078.1,0,-2.767181,3.31366
1670084611095.05,0,-2.839181,3.253144
1670084611112.31,0,-2.911181,3.18988
1670084611128.26,0,-2.911181,3.18988
1670084611145.52,0,-2.983181,3.12387
1670084611162.47,0,-3.055182,3.055114
1670084611178.43,0,-3.127182,2.98361
1670084611202.16,0,-3.199182,2.909359
1670084611224.1,0,-3.271182,2.832362
1670084611243.05,0,-3.343182,2.752618
1670084611260.04,0,-3.415182,2.670127
1670084611277.95,0,-3.487182,2.584889
1670084611296.55,0,-3.559182,2.496905
1670084611313.5,0,-3.631182,2.406174
1670084611339.51,0,-3.703182,2.312696
1670084611357.41,0,-3.775182,2.216471
1670084611370.37,0,-3.847182,2.117499
1670084611385.34,0,-3.847182,2.117499
1670084611403.34,0,-3.919182,2.015781
1670084611419.3,0,-3.991182,1.911316
1670084611434.26,0,-4.063182,1.804104
1670084611452.61,0,-4.135182,1.694145
1670084611468.98,0,-4.135182,1.694145
1670084611486.58,0,-4.207182,1.581439
1670084611503.32,0,-4.279182,1.465986
1670084611520.21,0,-4.351182,1.347787
1670084611537.21,0,-4.423182,1.226841
1670084611576.13,0,-4.495182,1.103148
1670084611586.07,0,-4.567182,0.9767087
1670084611596.05,0,-4.495182,0.8475222
1670084611618.99,0,-4.423182,0.7155889
1670084611627.96,0,-4.423182,0.7155889
1670084611653.38,0,-4.279182,0.443482
1670084611660.36,0,-4.279182,0.443482
1670084611684.92,0,-4.207182,0.3133083
1670084611693.89,0,-4.135182,0.1903878
1670084611718.49,0,-4.063182,0.0747205
1670084611728.42,0,-4.063182,0.0747205
1670084611753.23,0,-4.063182,-0.1348545
1670084611761.21,0,-4.063182,-0.1348545
1670084611786.66,0,-4.063182,-0.2287621
1670084611794.63,0,-4.063182,-0.3154166
1670084611821.44,0,-4.063182,-0.3948179
1670084611833.41,0,-4.063182,-0.466966
1670084611848.37,0,-4.063182,-0.466966
1670084611866.32,0,-4.063182,-0.5318609
1670084611882.22,0,-4.063182,-0.5895026
1670084611899.37,0,-4.063182,-0.6298912
1670084611916.59,0,-4.063182,-0.6530265
1670084611932.36,0,-4.063182,-0.6589085
1670084611949.32,0,-4.063182,-0.6589085
1670084611966.65,0,-4.063182,-0.6475375
1670084611983.33,0,-4.063182,-0.6189132
1670084612000.29,0,-4.063182,-0.5730357
1670084612011.26,0,-4.063182,-0.509905
1670084612032.16,0,-4.063182,-0.4395211
1670084612049.68,0,-4.063182,-0.4395211
1670084612066.67,0,-4.063182,-0.361884
1670084612082.59,0,-4.063182,-0.2769937
1670084612099.55,0,-4.063182,-0.1848502
1670084612117.5,0,-4.063182,-0.0854535
1670084612132.36,0,-4.063182,0.0211964
1670084612149.32,0,-4.063182,0.0211964
1670084612167.44,0,-4.063182,0.1350995
1670084612183.39,0,-4.063182,0.2562558
1670084612200.35,0,-4.063182,0.3846653
1670084612217.21,0,-4.063182,0.5203279
1670084612233.17,0,-4.063182,0.6532438
1670084612250.13,0,-4.063182,0.6532438
1670084612266.41,0,-4.063182,0.7834129
1670084612282.37,0,-4.063182,0.9108352
1670084612300.46,0,-4.063182,1.035511
1670084612316.44,0,-4.063182,1.157439
1670084612331.41,0,-4.063182,1.276621
1670084612352.35,0,-4.063182,1.393056
1670084612367.3,0,-4.063182,1.393056
1670084612385.29,0,-4.063182,1.506745
1670084612424.89,0,-4.063182,1.617686
1670084612434.36,0,-4.063182,1.831329
1670084612442.37,0,-4.063182,1.831329
1670084612466.28,0,-3.991182,1.93403
1670084612483.25,0,-3.919182,2.033984
1670084612495.64,0,-3.847182,2.131191
1670084612513.59,0,-3.775182,2.225652
1670084612532.54,0,-3.703182,2.317366
1670084612541.51,0,-3.703182,2.317366
1670084612566.17,0,-3.631182,2.406333
1670084612582.93,0,-3.559182,2.492553
1670084612592.46,0,-3.487182,2.576027
1670084612612.38,0,-3.415182,2.656754
1670084612638.48,0,-3.343182,2.734733
1670084612660.45,0,-3.271182,2.809966
1670084612680.4,0,-3.199182,2.882452
1670084612706.32,0,-3.127182,2.952192
1670084612723.29,0,-3.055182,3.019185
1670084612744.7,0,-2.983181,3.083431
1670084612762.65,0,-2.911181,3.14493
1670084612783.6,0,-2.839181,3.203682
1670084612800.76,0,-2.767181,3.259687
1670084612818.7,0,-2.695181,3.312946
1670084612840.65,0,-2.623181,3.363458
1670084612862.59,0,-2.551181,3.411223
1670084612880.54,0,-2.479181,3.456241
1670084612899.51,0,-2.407181,3.498513
1670084612916.46,0,-2.335181,3.538037
1670084612937.4,0,-2.263181,3.574815
1670084612960.34,0,-2.191181,3.608846
1670084612982.29,0,-2.119181,3.64013
1670084612998.24,0,-2.119181,3.668668
1670084613008.21,0,-2.119181,3.668668
1670084613024.17,0,-2.119181,3.694458
1670084613036.44,0,-2.119181,3.717502
1670084613058.38,0,-2.119181,3.737799
1670084613072.34,0,-2.119181,3.75535
1670084613089.87,0,-2.119181,3.75535
1670084613102.91,0,-2.119181,3.770153
1670084613123.85,0,-2.119181,3.78221
1670084613143.33,0,-2.119181,3.791519
1670084613159.91,0,-2.119181,3.798082
1670084613168.88,0,-2.119181,3.798082
1670084613192.57,0,-2.119181,3.802968
1670084613209.66,0,-2.119181,3.802968
1670084613220.6,0,-2.119181,3.801291
1670084613242.61,0,-2.191181,3.796867
1670084613253.58,0,-2.263181,3.789696
1670084613276.75,0,-2.335181,3.779778
1670084613285.73,0,-2.335181,3.779778
1670084613380.72,0,-2.479181,3.751702
1670084613401.64,0,-2.767181,3.662589
1670084613418.58,0,-2.839181,3.633443
1670084613437.54,0,-2.911181,3.601551
1670084613454.49,0,-2.983181,3.566912
1670084613474.43,0,-3.055182,3.529527
1670084613492.39,0,-3.127182,3.489394
1670084613511.34,0,-3.199182,3.446515
1670084613528.29,0,-3.199182,3.446515
1670084613550.23,0,-3.271182,3.400889
1670084613568.18,0,-3.343182,3.352516
1670084613585.15,0,-3.415182,3.301396
1670084613602.89,0,-3.487182,3.247529
1670084613625.83,0,-3.559182,3.190916
1670084613644.26,0,-3.631182,3.131556
1670084613664.21,0,-3.703182,3.069449
1670084613682.22,0,-3.775182,3.004595
1670084613700.68,0,-3.847182,2.936995
1670084613718.63,0,-3.919182,2.866647
1670084613739.58,0,-3.991182,2.793553
1670084613766.06,0,-4.063182,2.717712
1670084613791.07,0,-4.063182,2.639124
1670084613809.94,0,-4.063182,2.55779
1670084613824.9,0,-4.063182,2.473708
1670084613835.87,0,-4.063182,2.38688
1670084613851.85,0,-4.063182,2.297305
1670084613869.83,0,-4.063182,2.297305
1670084613884.77,0,-4.063182,2.204983
1670084613903.25,0,-4.063182,2.109915
1670084613925.02,0,-4.063182,2.0121
1670084613944.49,0,-4.063182,1.911537
1670084613963.44,0,-4.063182,1.808228
1670084613984.38,0,-4.063182,1.702173
1670084614003.39,0,-4.063182,1.59337
1670084614021.3,0,-4.063182,1.481821
1670084614040.26,0,-4.063182,1.367524
1670084614058.22,0,-4.063182,1.250481
1670084614076.16,0,-4.063182,1.130692
1670084614094.12,0,-4.063182,1.008155
1670084614113.81,0,-4.063182,0.8828716
1670084614132.75,0,-4.063182,0.7548414
1670084614149.23,0,-4.063182,0.7548414
1670084614162.19,0,-4.063182,0.6240644
1670084614176.15,0,-4.063182,0.4905407
1670084614195.78,0,-4.063182,0.3542701
1670084614205.76,0,-4.063182,0.3542701
1670084614228.77,0,-4.063182,0.2252527
1670084614239.73,0,-4.063182,0.1034885
1670084614262.43,0,-4.063182,-0.01102249
1670084614272.41,0,-4.063182,-0.1182803
1670084614318.65,0,-4.063182,-0.2182849
1670084614328.59,0,-4.063182,-0.3110363
1670084614342.56,0,-4.063182,-0.3965345
1670084614360.51,0,-4.063182,-0.4747795
1670084614379.45,0,-4.063182,-0.5457713
1670084614389.43,0,-4.063182,-0.5457713
1670084614412.34,0,-4.063182,-0.6359953
1670084614422.32,0,-4.063182,-0.6359953
1670084614445.17,0,-4.063182,-0.6552275
1670084614456.14,0,-4.063182,-0.6572065
1670084614486.72,0,-4.063182,-0.6419324
1670084614510.69,0,-4.063182,-0.609405
1670084614529.6,0,-4.063182,-0.5596244
1670084614550.57,0,-4.063182,-0.4925906
1670084614569.55,0,-4.063182,-0.4183036
1670084614588.46,0,-4.063182,-0.3367634
1670084614608.48,0,-4.063182,-0.24797
1670084614627.43,0,-4.063182,-0.1519234
1670084614648.36,0,-4.063182,-0.04862363
1670084614673.26,0,-4.063182,0.1797355
1670084614695.21,0,-4.063182,0.3047949
1670084614714.15,0,-4.063182,0.4371075
1670084614733.1,0,-4.063182,0.5766733
1670084614754.04,0,-4.063182,0.7134922
1670084614776.98,0,-4.063182,0.8475644
1670084614798.92,0,-4.063182,0.9788898
1670084614820.87,0,-4.063182,1.107468
1670084614864.74,0,-4.063182,1.2333
1670084614891.57,0,-4.063182,1.476723
1670084614923.48,0,-3.919182,1.709159
1670084614940.44,0,-3.847182,1.821257
1670084614960.38,0,-3.775182,1.930608
1670084614978.34,0,-3.703182,2.037212
1670084614991.48,0,-3.631182,2.141069
1670084615005.43,0,-3.631182,2.141069
1670084615017.4,0,-3.559182,2.24218
1670084615039.34,0,-3.487182,2.340544
1670084615051.3,0,-3.415182,2.436161
1670084615073.25,0,-3.343182,2.529031
1670084615086.21,0,-3.343182,2.529031
1670084615103.11,0,-3.271182,2.619154
1670084615115.08,0,-3.199182,2.706531
1670084615141.01,0,-3.127182,2.791161
1670084615157.96,0,-3.055182,2.873044
1670084615169.93,0,-3.055182,2.873044
1670084615190.88,0,-2.983181,2.95218
1670084615204.84,0,-2.911181,3.028569
1670084615217.8,0,-2.839181,3.102211
1670084615238.75,0,-2.767181,3.173107
1670084615255.75,0,-2.695181,3.241256
1670084615288.66,0,-2.695181,3.241256
1670084615294.65,0,-2.551181,3.369313
1670084615315.68,0,-2.551181,3.429222
1670084615335.63,0,-2.551181,3.486384
1670084615345.6,0,-2.551181,3.486384
1670084615364.87,0,-2.551181,3.540799
1670084615383.23,0,-2.551181,3.592467
1670084615399.29,0,-2.551181,3.641388
1670084615415.99,0,-2.551181,3.687563
1670084615437.24,0,-2.551181,3.730991
1670084615457.21,0,-2.551181,3.771672
1670084615476.15,0,-2.551181,3.809606
1670084615493.63,0,-2.551181,3.844793
1670084615511.6,0,-2.551181,3.877233
1670084615529.53,0,-2.551181,3.877233
1670084615548.54,0,-2.551181,3.906927
1670084615566.55,0,-2.551181,3.933874
1670084615583.45,0,-2.551181,3.958074
1670084615600.43,0,-2.551181,3.979528
1670084615618.39,0,-2.551181,3.998234
1670084615636.33,0,-2.551181,4.014194
1670084615653.85,0,-2.551181,4.027407
1670084615673.8,0,-2.551181,4.037873
1670084615694.53,0,-2.551181,4.045592
1670084615718.47,0,-2.479181,4.050565
1670084615738.42,0,-2.407181,4.052791
1670084615759.42,0,-2.335181,4.05227
1670084615783.35,0,-2.263181,4.049002
1670084615805.32,0,-2.191181,4.042987
1670084615835.95,0,-2.047181,4.022718
1670084615863.41,0,-1.975181,4.008463
1670084615880.39,0,-1.975181,3.991461
1670084615889.33,0,-1.975181,3.991461
1670084615908.26,0,-1.975181,3.971712
1670084615925.22,0,-1.975181,3.949217
1670084615945.16,0,-1.975181,3.923974
1670084615958.13,0,-1.975181,3.895985
1670084615977.08,0,-1.975181,3.865249
1670084615994.03,0,-1.975181,3.831767
1670084616010.99,0,-1.975181,3.795537
1670084616028.94,0,-1.975181,3.795537
1670084616042.9,0,-1.975181,3.756561
1670084616058.48,0,-1.975181,3.714838
1670084616077.43,0,-1.975181,3.670368
1670084616093.13,0,-1.975181,3.623152
1670084616109.08,0,-1.975181,3.623152
1670084616127.36,0,-1.975181,3.573188
1670084616140.33,0,-1.975181,3.520478
1670084616159.28,0,-1.975181,3.465021
1670084616177.23,0,-1.975181,3.406817
1670084616215.16,0,-1.975181,3.345866
1670084616222.11,0,-1.975181,3.282168
1670084616237.07,0,-1.975181,3.215724
1670084616256.02,0,-1.975181,3.146533
1670084616270.98,0,-1.975181,3.074595
1670084616286.97,0,-1.975181,3.074595
1670084616304.02,0,-1.975181,2.999911
1670084616321.97,0,-1.975181,2.922479
1670084616335.93,0,-1.975181,2.842301
1670084616356.73,0,-1.975181,2.759376
1670084616370.71,0,-1.975181,2.673704
1670084616389.89,0,-1.975181,2.673704
1670084616405.88,0,-1.975181,2.585285
1670084616420.84,0,-1.975181,2.49412
1670084616437.79,0,-1.975181,2.454375
1670084616453.97,0,-1.975181,2.4545
1670084616471.92,0,-1.975181,2.4546
1670084616487.88,0,-1.975181,2.4546
1670084616504.83,0,-1.975181,2.45468
1670084616521.79,0,-1.975181,2.454744
1670084616536.75,0,-1.975181,2.454795
1670084616553.7,0,-1.975181,2.454836
1670084616571.65,0,-1.975181,2.454869
1670084616588.6,0,-1.975181,2.454869
1670084616611.55,0,-1.975181,2.454916
1670084616620.52,0,-1.975181,2.454916
1670084616637.47,0,-1.975181,2.454933
1670084616656.45,0,-1.975181,2.454946
1670084616681.45,0,-1.975181,2.454957
1670084616692.42,0,-1.975181,2.454966
1670084616708.38,0,-1.975181,2.454966
1670084616727.32,0,-1.975181,2.454973
1670084616738.29,0,-1.975181,2.454978
1670084616760.94,0,-1.975181,2.454983
1670084616776.94,0,-1.975181,2.454986
1670084616794.53,0,-1.975181,2.454989
1670084616812.72,0,-1.975181,2.454991
1670084616837.65,0,-1.975181,2.454993
